test case 1
3
MINIMAX
O
2
1 8 23
5 42 12
26 30 9
X..
...
...



test case 2
5
MINIMAX
X
1
20 16 1 32 30
20 12 2 11 8
28 48 9 1 1
20 12 10 6 2
25 30 23 21 10
..XX.
..XOX
...O.
..OO.
.....


test case 3
5
ALPHABETA
X
4
20 16 1 32 30
20 12 2 11 8
28 48 9 1 1
20 12 10 6 2
25 30 23 21 10
..XX.
..XOX
...O.
..OO.
.....


testcase 4
6
MINIMAX
X
1
1 1 1 1 1 1
1 1 1 1 1 1
1 1 1 1 1 1
1 1 1 1 1 1
1 1 1 1 1 1
1 1 1 1 1 1
......
......
......
......
......
......


testcase 5
6
ALPHABETA
O
1
1 1 1 1 1 1
1 1 1 1 1 1
1 1 1 1 1 1
1 1 1 1 1 70
1 1 1 1 1 1
1 1 1 1 1 1
......
......
......
......
......
......



testcase 6
6
ALPHABETA
O
1
1 1 1 1 1 1
1 1 1 1 1 1
1 1 1 1 1 1
1 1 1 1 1 1
1 1 1 1 1 1
1 1 1 1 1 2
...X.O
......
......
......
......
......


testcase 7
6
ALPHABETA
O
1
1 1 1 1 1 1
1 1 1 1 1 1
1 1 1 1 1 1
1 1 1 1 1 1
1 1 1 1 1 1
1 1 1 1 1 3
...X.O
......
......
......
......
......


testcase 8
4
ALPHABETA
X
6
4 1 2 4
2 3 1 2
4 3 3 4
3 3 3 2
...X
X..X
O..O
...O


testcase 9
3
MINIMAX
X
4
10 20 30
40 50 60
70 80 90
X..
.O.
...


testcase 10
7
ALPHABETA
X
5
10 20 30 1 1 1 1
40 50 60 1 1 1 1
70 80 90 1 1 1 1
10 20 30 1 1 1 1
40 50 60 1 1 1 1
70 80 90 1 1 1 1
70 80 90 1 1 1 1
.......
.......
.......
.......
.......
.......
.......

